---
user/portfolio/rebalancings_001:
  id: 1
  portfolio_id: 3
  crypto_index_fee: !ruby/object:BigDecimal 27:0.103557e4
  requested_at: 2018-01-12 00:00:00.000000000 Z
  scheduled_at: 2018-02-02 12:00:00.000000000 Z
  finalized_at: 2018-02-02 12:00:00.000000000 Z
  created_at: 2018-01-12 00:00:00.000000000 Z
  updated_at: 2018-02-02 12:00:00.000000000 Z
