---
portfolio_for_signed_up:
  id: 1
  user_id: 1
  created_at: 2018-02-02 12:30:00.000000000 Z
  updated_at: 2018-02-02 12:30:00.000000000 Z
portfolio_for_deposited:
  id: 2
  user_id: 2
  created_at: 2018-02-02 12:30:00.000000000 Z
  updated_at: 2018-02-02 12:30:00.000000000 Z
portfolio_for_rebalanced:
  id: 3
  user_id: 3
  created_at: 2018-02-02 12:30:00.000000000 Z
  updated_at: 2018-02-02 12:30:00.000000000 Z
